image: map_gazebo.pgm
resolution: 0.050000
origin: [-7.535225, -5.380822, 0.000000]
negate: 0
occupied_thresh: 0.65
free_thresh: 0.196

